{
 "cells": [
  {
   "cell_type": "code",
   "execution_count": 7,
   "metadata": {},
   "outputs": [
    {
     "data": {
      "text/html": [
       "<div>\n",
       "<style scoped>\n",
       "    .dataframe tbody tr th:only-of-type {\n",
       "        vertical-align: middle;\n",
       "    }\n",
       "\n",
       "    .dataframe tbody tr th {\n",
       "        vertical-align: top;\n",
       "    }\n",
       "\n",
       "    .dataframe thead th {\n",
       "        text-align: right;\n",
       "    }\n",
       "</style>\n",
       "<table border=\"1\" class=\"dataframe\">\n",
       "  <thead>\n",
       "    <tr style=\"text-align: right;\">\n",
       "      <th></th>\n",
       "      <th>point</th>\n",
       "      <th>x</th>\n",
       "      <th>y</th>\n",
       "    </tr>\n",
       "  </thead>\n",
       "  <tbody>\n",
       "    <tr>\n",
       "      <th>0</th>\n",
       "      <td>P1</td>\n",
       "      <td>2.0</td>\n",
       "      <td>2.0</td>\n",
       "    </tr>\n",
       "    <tr>\n",
       "      <th>1</th>\n",
       "      <td>P2</td>\n",
       "      <td>13.0</td>\n",
       "      <td>7.0</td>\n",
       "    </tr>\n",
       "    <tr>\n",
       "      <th>2</th>\n",
       "      <td>P3</td>\n",
       "      <td>7.0</td>\n",
       "      <td>13.0</td>\n",
       "    </tr>\n",
       "    <tr>\n",
       "      <th>3</th>\n",
       "      <td>P4</td>\n",
       "      <td>2.0</td>\n",
       "      <td>1.0</td>\n",
       "    </tr>\n",
       "    <tr>\n",
       "      <th>4</th>\n",
       "      <td>P5</td>\n",
       "      <td>6.0</td>\n",
       "      <td>12.0</td>\n",
       "    </tr>\n",
       "  </tbody>\n",
       "</table>\n",
       "</div>"
      ],
      "text/plain": [
       "  point     x     y\n",
       "0    P1   2.0   2.0\n",
       "1    P2  13.0   7.0\n",
       "2    P3   7.0  13.0\n",
       "3    P4   2.0   1.0\n",
       "4    P5   6.0  12.0"
      ]
     },
     "execution_count": 7,
     "metadata": {},
     "output_type": "execute_result"
    }
   ],
   "source": [
    "import pandas as pd\n",
    "import numpy as np\n",
    "from scipy.spatial.distance import cdist\n",
    "\n",
    "MINPOINTS = 2\n",
    "EPS = 3\n",
    "\n",
    "points = pd.read_csv(\"dbscan_data.csv\")\n",
    "coords = [\"x\", \"y\"]\n",
    "points.rename(columns={\"id\": \"point\"}, inplace=True)\n",
    "points.head()\n"
   ]
  },
  {
   "cell_type": "code",
   "execution_count": 11,
   "metadata": {},
   "outputs": [],
   "source": [
    "def get_distance_matrix(data: pd.DataFrame) -> pd.DataFrame:\n",
    "    df_array = data[coords].to_numpy()\n",
    "    dist_mat = cdist(df_array, df_array)\n",
    "    return pd.DataFrame(dist_mat, columns=data.point, index=data.point)\n"
   ]
  },
  {
   "cell_type": "code",
   "execution_count": 14,
   "metadata": {},
   "outputs": [],
   "source": [
    "def get_neighbours_cnt(dist: pd.DataFrame) -> pd.DataFrame:\n",
    "    pass\n"
   ]
  },
  {
   "cell_type": "code",
   "execution_count": 15,
   "metadata": {},
   "outputs": [],
   "source": [
    "dist = get_distance_matrix(points)\n"
   ]
  },
  {
   "cell_type": "code",
   "execution_count": 25,
   "metadata": {},
   "outputs": [
    {
     "data": {
      "text/html": [
       "<div>\n",
       "<style scoped>\n",
       "    .dataframe tbody tr th:only-of-type {\n",
       "        vertical-align: middle;\n",
       "    }\n",
       "\n",
       "    .dataframe tbody tr th {\n",
       "        vertical-align: top;\n",
       "    }\n",
       "\n",
       "    .dataframe thead th {\n",
       "        text-align: right;\n",
       "    }\n",
       "</style>\n",
       "<table border=\"1\" class=\"dataframe\">\n",
       "  <thead>\n",
       "    <tr style=\"text-align: right;\">\n",
       "      <th>point</th>\n",
       "      <th>P1</th>\n",
       "      <th>P2</th>\n",
       "      <th>P3</th>\n",
       "      <th>P4</th>\n",
       "      <th>P5</th>\n",
       "      <th>P6</th>\n",
       "      <th>P7</th>\n",
       "      <th>P8</th>\n",
       "      <th>P9</th>\n",
       "      <th>P10</th>\n",
       "      <th>P11</th>\n",
       "      <th>P12</th>\n",
       "      <th>P13</th>\n",
       "      <th>P14</th>\n",
       "      <th>P15</th>\n",
       "      <th>P16</th>\n",
       "      <th>P17</th>\n",
       "      <th>P18</th>\n",
       "    </tr>\n",
       "    <tr>\n",
       "      <th>point</th>\n",
       "      <th></th>\n",
       "      <th></th>\n",
       "      <th></th>\n",
       "      <th></th>\n",
       "      <th></th>\n",
       "      <th></th>\n",
       "      <th></th>\n",
       "      <th></th>\n",
       "      <th></th>\n",
       "      <th></th>\n",
       "      <th></th>\n",
       "      <th></th>\n",
       "      <th></th>\n",
       "      <th></th>\n",
       "      <th></th>\n",
       "      <th></th>\n",
       "      <th></th>\n",
       "      <th></th>\n",
       "    </tr>\n",
       "  </thead>\n",
       "  <tbody>\n",
       "    <tr>\n",
       "      <th>P1</th>\n",
       "      <td>0.000000</td>\n",
       "      <td>12.083046</td>\n",
       "      <td>12.083046</td>\n",
       "      <td>1.000000</td>\n",
       "      <td>10.770330</td>\n",
       "      <td>10.440307</td>\n",
       "      <td>9.055385</td>\n",
       "      <td>13.038405</td>\n",
       "      <td>1.000000</td>\n",
       "      <td>7.000000</td>\n",
       "      <td>6.324555</td>\n",
       "      <td>11.401754</td>\n",
       "      <td>13.601471</td>\n",
       "      <td>3.162278</td>\n",
       "      <td>5.830952</td>\n",
       "      <td>1.000000</td>\n",
       "      <td>10.770330</td>\n",
       "      <td>14.142136</td>\n",
       "    </tr>\n",
       "    <tr>\n",
       "      <th>P2</th>\n",
       "      <td>12.083046</td>\n",
       "      <td>0.000000</td>\n",
       "      <td>8.485281</td>\n",
       "      <td>12.529964</td>\n",
       "      <td>8.602325</td>\n",
       "      <td>2.236068</td>\n",
       "      <td>10.770330</td>\n",
       "      <td>2.000000</td>\n",
       "      <td>13.000000</td>\n",
       "      <td>6.403124</td>\n",
       "      <td>9.055385</td>\n",
       "      <td>5.656854</td>\n",
       "      <td>2.236068</td>\n",
       "      <td>10.198039</td>\n",
       "      <td>6.324555</td>\n",
       "      <td>11.180340</td>\n",
       "      <td>1.414214</td>\n",
       "      <td>5.099020</td>\n",
       "    </tr>\n",
       "    <tr>\n",
       "      <th>P3</th>\n",
       "      <td>12.083046</td>\n",
       "      <td>8.485281</td>\n",
       "      <td>0.000000</td>\n",
       "      <td>13.000000</td>\n",
       "      <td>1.414214</td>\n",
       "      <td>9.433981</td>\n",
       "      <td>4.472136</td>\n",
       "      <td>7.211103</td>\n",
       "      <td>12.529964</td>\n",
       "      <td>11.180340</td>\n",
       "      <td>5.830952</td>\n",
       "      <td>2.828427</td>\n",
       "      <td>10.630146</td>\n",
       "      <td>8.944272</td>\n",
       "      <td>8.000000</td>\n",
       "      <td>11.704700</td>\n",
       "      <td>8.602325</td>\n",
       "      <td>5.099020</td>\n",
       "    </tr>\n",
       "    <tr>\n",
       "      <th>P4</th>\n",
       "      <td>1.000000</td>\n",
       "      <td>12.529964</td>\n",
       "      <td>13.000000</td>\n",
       "      <td>0.000000</td>\n",
       "      <td>11.704700</td>\n",
       "      <td>10.770330</td>\n",
       "      <td>10.049876</td>\n",
       "      <td>13.601471</td>\n",
       "      <td>1.414214</td>\n",
       "      <td>7.071068</td>\n",
       "      <td>7.280110</td>\n",
       "      <td>12.206556</td>\n",
       "      <td>13.928388</td>\n",
       "      <td>4.123106</td>\n",
       "      <td>6.403124</td>\n",
       "      <td>1.414214</td>\n",
       "      <td>11.180340</td>\n",
       "      <td>14.866069</td>\n",
       "    </tr>\n",
       "    <tr>\n",
       "      <th>P5</th>\n",
       "      <td>10.770330</td>\n",
       "      <td>8.602325</td>\n",
       "      <td>1.414214</td>\n",
       "      <td>11.704700</td>\n",
       "      <td>0.000000</td>\n",
       "      <td>9.219544</td>\n",
       "      <td>3.162278</td>\n",
       "      <td>7.615773</td>\n",
       "      <td>11.180340</td>\n",
       "      <td>10.440307</td>\n",
       "      <td>4.472136</td>\n",
       "      <td>3.162278</td>\n",
       "      <td>10.816654</td>\n",
       "      <td>7.615773</td>\n",
       "      <td>7.071068</td>\n",
       "      <td>10.440307</td>\n",
       "      <td>8.485281</td>\n",
       "      <td>6.000000</td>\n",
       "    </tr>\n",
       "    <tr>\n",
       "      <th>P6</th>\n",
       "      <td>10.440307</td>\n",
       "      <td>2.236068</td>\n",
       "      <td>9.433981</td>\n",
       "      <td>10.770330</td>\n",
       "      <td>9.219544</td>\n",
       "      <td>0.000000</td>\n",
       "      <td>10.816654</td>\n",
       "      <td>4.123106</td>\n",
       "      <td>11.401754</td>\n",
       "      <td>4.242641</td>\n",
       "      <td>8.544004</td>\n",
       "      <td>6.708204</td>\n",
       "      <td>3.162278</td>\n",
       "      <td>9.000000</td>\n",
       "      <td>5.000000</td>\n",
       "      <td>9.486833</td>\n",
       "      <td>1.000000</td>\n",
       "      <td>7.000000</td>\n",
       "    </tr>\n",
       "    <tr>\n",
       "      <th>P7</th>\n",
       "      <td>9.055385</td>\n",
       "      <td>10.770330</td>\n",
       "      <td>4.472136</td>\n",
       "      <td>10.049876</td>\n",
       "      <td>3.162278</td>\n",
       "      <td>10.816654</td>\n",
       "      <td>0.000000</td>\n",
       "      <td>10.198039</td>\n",
       "      <td>9.219544</td>\n",
       "      <td>10.816654</td>\n",
       "      <td>3.162278</td>\n",
       "      <td>6.000000</td>\n",
       "      <td>13.000000</td>\n",
       "      <td>6.000000</td>\n",
       "      <td>7.211103</td>\n",
       "      <td>9.000000</td>\n",
       "      <td>10.295630</td>\n",
       "      <td>9.055385</td>\n",
       "    </tr>\n",
       "    <tr>\n",
       "      <th>P8</th>\n",
       "      <td>13.038405</td>\n",
       "      <td>2.000000</td>\n",
       "      <td>7.211103</td>\n",
       "      <td>13.601471</td>\n",
       "      <td>7.615773</td>\n",
       "      <td>4.123106</td>\n",
       "      <td>10.198039</td>\n",
       "      <td>0.000000</td>\n",
       "      <td>13.892444</td>\n",
       "      <td>8.062258</td>\n",
       "      <td>9.055385</td>\n",
       "      <td>4.472136</td>\n",
       "      <td>3.605551</td>\n",
       "      <td>10.770330</td>\n",
       "      <td>7.211103</td>\n",
       "      <td>12.206556</td>\n",
       "      <td>3.162278</td>\n",
       "      <td>3.162278</td>\n",
       "    </tr>\n",
       "    <tr>\n",
       "      <th>P9</th>\n",
       "      <td>1.000000</td>\n",
       "      <td>13.000000</td>\n",
       "      <td>12.529964</td>\n",
       "      <td>1.414214</td>\n",
       "      <td>11.180340</td>\n",
       "      <td>11.401754</td>\n",
       "      <td>9.219544</td>\n",
       "      <td>13.892444</td>\n",
       "      <td>0.000000</td>\n",
       "      <td>8.000000</td>\n",
       "      <td>6.708204</td>\n",
       "      <td>12.041595</td>\n",
       "      <td>14.560220</td>\n",
       "      <td>3.605551</td>\n",
       "      <td>6.708204</td>\n",
       "      <td>2.000000</td>\n",
       "      <td>11.704700</td>\n",
       "      <td>14.866069</td>\n",
       "    </tr>\n",
       "    <tr>\n",
       "      <th>P10</th>\n",
       "      <td>7.000000</td>\n",
       "      <td>6.403124</td>\n",
       "      <td>11.180340</td>\n",
       "      <td>7.071068</td>\n",
       "      <td>10.440307</td>\n",
       "      <td>4.242641</td>\n",
       "      <td>10.816654</td>\n",
       "      <td>8.062258</td>\n",
       "      <td>8.000000</td>\n",
       "      <td>0.000000</td>\n",
       "      <td>7.810250</td>\n",
       "      <td>9.000000</td>\n",
       "      <td>7.211103</td>\n",
       "      <td>6.708204</td>\n",
       "      <td>3.605551</td>\n",
       "      <td>6.000000</td>\n",
       "      <td>5.000000</td>\n",
       "      <td>10.440307</td>\n",
       "    </tr>\n",
       "    <tr>\n",
       "      <th>P11</th>\n",
       "      <td>6.324555</td>\n",
       "      <td>9.055385</td>\n",
       "      <td>5.830952</td>\n",
       "      <td>7.280110</td>\n",
       "      <td>4.472136</td>\n",
       "      <td>8.544004</td>\n",
       "      <td>3.162278</td>\n",
       "      <td>9.055385</td>\n",
       "      <td>6.708204</td>\n",
       "      <td>7.810250</td>\n",
       "      <td>0.000000</td>\n",
       "      <td>5.830952</td>\n",
       "      <td>11.180340</td>\n",
       "      <td>3.162278</td>\n",
       "      <td>4.242641</td>\n",
       "      <td>6.082763</td>\n",
       "      <td>8.246211</td>\n",
       "      <td>8.944272</td>\n",
       "    </tr>\n",
       "    <tr>\n",
       "      <th>P12</th>\n",
       "      <td>11.401754</td>\n",
       "      <td>5.656854</td>\n",
       "      <td>2.828427</td>\n",
       "      <td>12.206556</td>\n",
       "      <td>3.162278</td>\n",
       "      <td>6.708204</td>\n",
       "      <td>6.000000</td>\n",
       "      <td>4.472136</td>\n",
       "      <td>12.041595</td>\n",
       "      <td>9.000000</td>\n",
       "      <td>5.830952</td>\n",
       "      <td>0.000000</td>\n",
       "      <td>7.810250</td>\n",
       "      <td>8.485281</td>\n",
       "      <td>6.324555</td>\n",
       "      <td>10.816654</td>\n",
       "      <td>5.830952</td>\n",
       "      <td>3.162278</td>\n",
       "    </tr>\n",
       "    <tr>\n",
       "      <th>P13</th>\n",
       "      <td>13.601471</td>\n",
       "      <td>2.236068</td>\n",
       "      <td>10.630146</td>\n",
       "      <td>13.928388</td>\n",
       "      <td>10.816654</td>\n",
       "      <td>3.162278</td>\n",
       "      <td>13.000000</td>\n",
       "      <td>3.605551</td>\n",
       "      <td>14.560220</td>\n",
       "      <td>7.211103</td>\n",
       "      <td>11.180340</td>\n",
       "      <td>7.810250</td>\n",
       "      <td>0.000000</td>\n",
       "      <td>12.041595</td>\n",
       "      <td>8.062258</td>\n",
       "      <td>12.649111</td>\n",
       "      <td>3.000000</td>\n",
       "      <td>6.708204</td>\n",
       "    </tr>\n",
       "    <tr>\n",
       "      <th>P14</th>\n",
       "      <td>3.162278</td>\n",
       "      <td>10.198039</td>\n",
       "      <td>8.944272</td>\n",
       "      <td>4.123106</td>\n",
       "      <td>7.615773</td>\n",
       "      <td>9.000000</td>\n",
       "      <td>6.000000</td>\n",
       "      <td>10.770330</td>\n",
       "      <td>3.605551</td>\n",
       "      <td>6.708204</td>\n",
       "      <td>3.162278</td>\n",
       "      <td>8.485281</td>\n",
       "      <td>12.041595</td>\n",
       "      <td>0.000000</td>\n",
       "      <td>4.000000</td>\n",
       "      <td>3.000000</td>\n",
       "      <td>9.055385</td>\n",
       "      <td>11.401754</td>\n",
       "    </tr>\n",
       "    <tr>\n",
       "      <th>P15</th>\n",
       "      <td>5.830952</td>\n",
       "      <td>6.324555</td>\n",
       "      <td>8.000000</td>\n",
       "      <td>6.403124</td>\n",
       "      <td>7.071068</td>\n",
       "      <td>5.000000</td>\n",
       "      <td>7.211103</td>\n",
       "      <td>7.211103</td>\n",
       "      <td>6.708204</td>\n",
       "      <td>3.605551</td>\n",
       "      <td>4.242641</td>\n",
       "      <td>6.324555</td>\n",
       "      <td>8.062258</td>\n",
       "      <td>4.000000</td>\n",
       "      <td>0.000000</td>\n",
       "      <td>5.000000</td>\n",
       "      <td>5.099020</td>\n",
       "      <td>8.602325</td>\n",
       "    </tr>\n",
       "    <tr>\n",
       "      <th>P16</th>\n",
       "      <td>1.000000</td>\n",
       "      <td>11.180340</td>\n",
       "      <td>11.704700</td>\n",
       "      <td>1.414214</td>\n",
       "      <td>10.440307</td>\n",
       "      <td>9.486833</td>\n",
       "      <td>9.000000</td>\n",
       "      <td>12.206556</td>\n",
       "      <td>2.000000</td>\n",
       "      <td>6.000000</td>\n",
       "      <td>6.082763</td>\n",
       "      <td>10.816654</td>\n",
       "      <td>12.649111</td>\n",
       "      <td>3.000000</td>\n",
       "      <td>5.000000</td>\n",
       "      <td>0.000000</td>\n",
       "      <td>9.848858</td>\n",
       "      <td>13.453624</td>\n",
       "    </tr>\n",
       "    <tr>\n",
       "      <th>P17</th>\n",
       "      <td>10.770330</td>\n",
       "      <td>1.414214</td>\n",
       "      <td>8.602325</td>\n",
       "      <td>11.180340</td>\n",
       "      <td>8.485281</td>\n",
       "      <td>1.000000</td>\n",
       "      <td>10.295630</td>\n",
       "      <td>3.162278</td>\n",
       "      <td>11.704700</td>\n",
       "      <td>5.000000</td>\n",
       "      <td>8.246211</td>\n",
       "      <td>5.830952</td>\n",
       "      <td>3.000000</td>\n",
       "      <td>9.055385</td>\n",
       "      <td>5.099020</td>\n",
       "      <td>9.848858</td>\n",
       "      <td>0.000000</td>\n",
       "      <td>6.000000</td>\n",
       "    </tr>\n",
       "    <tr>\n",
       "      <th>P18</th>\n",
       "      <td>14.142136</td>\n",
       "      <td>5.099020</td>\n",
       "      <td>5.099020</td>\n",
       "      <td>14.866069</td>\n",
       "      <td>6.000000</td>\n",
       "      <td>7.000000</td>\n",
       "      <td>9.055385</td>\n",
       "      <td>3.162278</td>\n",
       "      <td>14.866069</td>\n",
       "      <td>10.440307</td>\n",
       "      <td>8.944272</td>\n",
       "      <td>3.162278</td>\n",
       "      <td>6.708204</td>\n",
       "      <td>11.401754</td>\n",
       "      <td>8.602325</td>\n",
       "      <td>13.453624</td>\n",
       "      <td>6.000000</td>\n",
       "      <td>0.000000</td>\n",
       "    </tr>\n",
       "  </tbody>\n",
       "</table>\n",
       "</div>"
      ],
      "text/plain": [
       "point         P1         P2         P3         P4         P5         P6  \\\n",
       "point                                                                     \n",
       "P1      0.000000  12.083046  12.083046   1.000000  10.770330  10.440307   \n",
       "P2     12.083046   0.000000   8.485281  12.529964   8.602325   2.236068   \n",
       "P3     12.083046   8.485281   0.000000  13.000000   1.414214   9.433981   \n",
       "P4      1.000000  12.529964  13.000000   0.000000  11.704700  10.770330   \n",
       "P5     10.770330   8.602325   1.414214  11.704700   0.000000   9.219544   \n",
       "P6     10.440307   2.236068   9.433981  10.770330   9.219544   0.000000   \n",
       "P7      9.055385  10.770330   4.472136  10.049876   3.162278  10.816654   \n",
       "P8     13.038405   2.000000   7.211103  13.601471   7.615773   4.123106   \n",
       "P9      1.000000  13.000000  12.529964   1.414214  11.180340  11.401754   \n",
       "P10     7.000000   6.403124  11.180340   7.071068  10.440307   4.242641   \n",
       "P11     6.324555   9.055385   5.830952   7.280110   4.472136   8.544004   \n",
       "P12    11.401754   5.656854   2.828427  12.206556   3.162278   6.708204   \n",
       "P13    13.601471   2.236068  10.630146  13.928388  10.816654   3.162278   \n",
       "P14     3.162278  10.198039   8.944272   4.123106   7.615773   9.000000   \n",
       "P15     5.830952   6.324555   8.000000   6.403124   7.071068   5.000000   \n",
       "P16     1.000000  11.180340  11.704700   1.414214  10.440307   9.486833   \n",
       "P17    10.770330   1.414214   8.602325  11.180340   8.485281   1.000000   \n",
       "P18    14.142136   5.099020   5.099020  14.866069   6.000000   7.000000   \n",
       "\n",
       "point         P7         P8         P9        P10        P11        P12  \\\n",
       "point                                                                     \n",
       "P1      9.055385  13.038405   1.000000   7.000000   6.324555  11.401754   \n",
       "P2     10.770330   2.000000  13.000000   6.403124   9.055385   5.656854   \n",
       "P3      4.472136   7.211103  12.529964  11.180340   5.830952   2.828427   \n",
       "P4     10.049876  13.601471   1.414214   7.071068   7.280110  12.206556   \n",
       "P5      3.162278   7.615773  11.180340  10.440307   4.472136   3.162278   \n",
       "P6     10.816654   4.123106  11.401754   4.242641   8.544004   6.708204   \n",
       "P7      0.000000  10.198039   9.219544  10.816654   3.162278   6.000000   \n",
       "P8     10.198039   0.000000  13.892444   8.062258   9.055385   4.472136   \n",
       "P9      9.219544  13.892444   0.000000   8.000000   6.708204  12.041595   \n",
       "P10    10.816654   8.062258   8.000000   0.000000   7.810250   9.000000   \n",
       "P11     3.162278   9.055385   6.708204   7.810250   0.000000   5.830952   \n",
       "P12     6.000000   4.472136  12.041595   9.000000   5.830952   0.000000   \n",
       "P13    13.000000   3.605551  14.560220   7.211103  11.180340   7.810250   \n",
       "P14     6.000000  10.770330   3.605551   6.708204   3.162278   8.485281   \n",
       "P15     7.211103   7.211103   6.708204   3.605551   4.242641   6.324555   \n",
       "P16     9.000000  12.206556   2.000000   6.000000   6.082763  10.816654   \n",
       "P17    10.295630   3.162278  11.704700   5.000000   8.246211   5.830952   \n",
       "P18     9.055385   3.162278  14.866069  10.440307   8.944272   3.162278   \n",
       "\n",
       "point        P13        P14       P15        P16        P17        P18  \n",
       "point                                                                   \n",
       "P1     13.601471   3.162278  5.830952   1.000000  10.770330  14.142136  \n",
       "P2      2.236068  10.198039  6.324555  11.180340   1.414214   5.099020  \n",
       "P3     10.630146   8.944272  8.000000  11.704700   8.602325   5.099020  \n",
       "P4     13.928388   4.123106  6.403124   1.414214  11.180340  14.866069  \n",
       "P5     10.816654   7.615773  7.071068  10.440307   8.485281   6.000000  \n",
       "P6      3.162278   9.000000  5.000000   9.486833   1.000000   7.000000  \n",
       "P7     13.000000   6.000000  7.211103   9.000000  10.295630   9.055385  \n",
       "P8      3.605551  10.770330  7.211103  12.206556   3.162278   3.162278  \n",
       "P9     14.560220   3.605551  6.708204   2.000000  11.704700  14.866069  \n",
       "P10     7.211103   6.708204  3.605551   6.000000   5.000000  10.440307  \n",
       "P11    11.180340   3.162278  4.242641   6.082763   8.246211   8.944272  \n",
       "P12     7.810250   8.485281  6.324555  10.816654   5.830952   3.162278  \n",
       "P13     0.000000  12.041595  8.062258  12.649111   3.000000   6.708204  \n",
       "P14    12.041595   0.000000  4.000000   3.000000   9.055385  11.401754  \n",
       "P15     8.062258   4.000000  0.000000   5.000000   5.099020   8.602325  \n",
       "P16    12.649111   3.000000  5.000000   0.000000   9.848858  13.453624  \n",
       "P17     3.000000   9.055385  5.099020   9.848858   0.000000   6.000000  \n",
       "P18     6.708204  11.401754  8.602325  13.453624   6.000000   0.000000  "
      ]
     },
     "execution_count": 25,
     "metadata": {},
     "output_type": "execute_result"
    }
   ],
   "source": [
    "dist\n"
   ]
  },
  {
   "cell_type": "code",
   "execution_count": 26,
   "metadata": {},
   "outputs": [],
   "source": [
    "n = dist.apply(lambda x: x <= EPS, axis=1).sum(axis=1)\n"
   ]
  },
  {
   "cell_type": "code",
   "execution_count": 53,
   "metadata": {},
   "outputs": [
    {
     "data": {
      "text/plain": [
       "['P7', 'P10', 'P11', 'P15', 'P18']"
      ]
     },
     "execution_count": 53,
     "metadata": {},
     "output_type": "execute_result"
    }
   ],
   "source": [
    "n[n < MINPOINTS].index.tolist()\n"
   ]
  },
  {
   "cell_type": "code",
   "execution_count": 56,
   "metadata": {},
   "outputs": [
    {
     "data": {
      "text/plain": [
       "['P1',\n",
       " 'P2',\n",
       " 'P3',\n",
       " 'P4',\n",
       " 'P5',\n",
       " 'P6',\n",
       " 'P8',\n",
       " 'P9',\n",
       " 'P12',\n",
       " 'P13',\n",
       " 'P14',\n",
       " 'P16',\n",
       " 'P17']"
      ]
     },
     "execution_count": 56,
     "metadata": {},
     "output_type": "execute_result"
    }
   ],
   "source": [
    "core = n[n >= MINPOINTS].index.tolist()\n",
    "core\n"
   ]
  },
  {
   "cell_type": "code",
   "execution_count": 58,
   "metadata": {},
   "outputs": [],
   "source": [
    "corepoints = dist.loc[core, core]\n"
   ]
  },
  {
   "cell_type": "code",
   "execution_count": 59,
   "metadata": {},
   "outputs": [],
   "source": [
    "mask = corepoints.apply(lambda x: x <= EPS, axis=1)\n"
   ]
  },
  {
   "cell_type": "code",
   "execution_count": 61,
   "metadata": {},
   "outputs": [
    {
     "data": {
      "text/plain": [
       "point\n",
       "P1          [P1, P4, P9, P16]\n",
       "P2     [P2, P6, P8, P13, P17]\n",
       "P3              [P3, P5, P12]\n",
       "P4          [P1, P4, P9, P16]\n",
       "P5                   [P3, P5]\n",
       "P6              [P2, P6, P17]\n",
       "P8                   [P2, P8]\n",
       "P9          [P1, P4, P9, P16]\n",
       "P12                 [P3, P12]\n",
       "P13            [P2, P13, P17]\n",
       "P14                [P14, P16]\n",
       "P16    [P1, P4, P9, P14, P16]\n",
       "P17        [P2, P6, P13, P17]\n",
       "dtype: object"
      ]
     },
     "execution_count": 61,
     "metadata": {},
     "output_type": "execute_result"
    }
   ],
   "source": [
    "cn = mask.apply(lambda x: mask.columns[x].tolist(), axis=1)\n",
    "cn\n"
   ]
  },
  {
   "cell_type": "code",
   "execution_count": 106,
   "metadata": {},
   "outputs": [],
   "source": [
    "clusters = list()\n",
    "for row in cn.items():\n",
    "    cores = list(set([row[0]] + row[1]))\n",
    "    if len(clusters) == 0:\n",
    "        clusters.append(cores)\n",
    "    else:\n",
    "        isnew = True\n",
    "        for idx, cluster in enumerate(clusters):\n",
    "            if len(set(cluster).intersection(set(cores))) != 0:\n",
    "                cluster = list(set(cluster).union(set(cores)))\n",
    "                clusters[idx] = cluster\n",
    "                isnew = False\n",
    "                break\n",
    "        if isnew:\n",
    "            clusters.append(cores)\n"
   ]
  },
  {
   "cell_type": "code",
   "execution_count": 107,
   "metadata": {},
   "outputs": [
    {
     "data": {
      "text/plain": [
       "[['P16', 'P9', 'P1', 'P4', 'P14'],\n",
       " ['P13', 'P6', 'P2', 'P8', 'P17'],\n",
       " ['P3', 'P12', 'P5']]"
      ]
     },
     "execution_count": 107,
     "metadata": {},
     "output_type": "execute_result"
    }
   ],
   "source": [
    "clusters\n"
   ]
  }
 ],
 "metadata": {
  "kernelspec": {
   "display_name": "env",
   "language": "python",
   "name": "python3"
  },
  "language_info": {
   "codemirror_mode": {
    "name": "ipython",
    "version": 3
   },
   "file_extension": ".py",
   "mimetype": "text/x-python",
   "name": "python",
   "nbconvert_exporter": "python",
   "pygments_lexer": "ipython3",
   "version": "3.10.6"
  },
  "orig_nbformat": 4,
  "vscode": {
   "interpreter": {
    "hash": "33c923d4503a2f1fff6a3f09592a89aff251ea5752594ce79243b42ab53844a3"
   }
  }
 },
 "nbformat": 4,
 "nbformat_minor": 2
}
